Webots Project File version R2020a
perspectives: 000000ff00000000fd00000003000000000000000000000000fc0100000001fb0000001a0044006f00630075006d0065006e0074006100740069006f006e0000000000ffffffff0000008700ffffff000000010000008700000208fc0200000001fb0000001400540065007800740045006400690074006f00720100000000000002080000004500ffffff00000003000005000000008efc0100000001fb0000000e0043006f006e0073006f006c00650100000000000005000000008700ffffff000004770000020800000001000000020000000100000008fc00000000
simulationViewPerspectives: 000000ff000000010000000200000100000002e20100000002010000000100
sceneTreePerspectives: 000000ff00000001000000020000011f000000fa0100000002010000000200
maximizedDockId: -1
centralWidgetVisible: 1
selectionDisabled: 0
viewpointLocked: 0
orthographicViewHeight: 1
textFiles: -1
globalOptionalRendering: LidarPointClouds::DistanceSensorRays
renderingDevicePerspectives: ground_snow_removal:ground_display;0;1.98047;0;0
renderingDevicePerspectives: Parking_Lot:ground_display;0;0.554688;0;0
